15814
3894
4607
4145
3670
4012
4459
15810
3877
4166
22389
1650339
3735
3764
4482
3939
3541
4494
4597
4271
4530
4311
4256
3867
3961
3805
4417
3664
3683
4168
4184
4065
22593
4144
4378
30450
4319
4071
4187
4642
4430
15832
3590
4474
4381
3856
4300
4165
4019
4169
4538
4313
4220
15799
3776
4275
4053
3816
4455
3729
3754
4615
4333
4526
4495
4448
4294
16010
4317
3925
3594
4073
31197
3696
4290
4061
3772
3920
3538
3938
4042
4179
3796
4571
4328
4546
25101
3861
4135
22535
1650699
3840
4160
25119
3581
4664
15551
4472
3884
3500
4201
3676
3943
4390
3843
4354
4242
3635
4626
3599
4514
4212
4629
4351
15825
4270
4357
15549
3604
15534
3505
3496
3708
15847
4077
4315
4698
4157
4578
4397
4344
3661
4039
4521
3654
4120
15546
3918
3743
4245
3539
3798
3545
3922
3794
15870
4465
4230
3832
15555
3762
4009
3876
3934
4396
4131
3596
3851
4562
4650
4690
4147
4064
4013
3631
3733
25149
4635
3946
4478
3804
22887
25113
4435
3765
3760
3956
4409
4190
4536
4655
3592
4320
4537
4534
15811
4111
3855
3671
4236
4084
22625
4139
3491
4307
3584
3917
4557
15829
4356
15813
3738
4463
4522
3880
3811
4218
3836
4302
4316
3921
4234
3669
4680
3901
4666
4098
3714
4211
4331
4372
3608
4506
4123
3674
4366
4386
3718
4048
3997
3848
3652
4684
4403
3620
3552
3780
4223
3898
4628
15831
4170
15820
3819
3553
4338
4136
3835
4285
4434
4681
3785
3644
4692
3965
4682
3554
3862
3602
4225
3930
15790
3915
15828
3968
4001
3911
3558
4579
3640
3935
4183
4085
3822
3619
30449
4656
4231
15544
4529
3681
4251
3769
3753
22544
4582
15809
3653
4631
3814
3616
3609
4651
3767
4192
4401
4004
15803
4273
3651
4501
4402
4204
3966
4500
3886
4418
4219
16020
3795
15852
4008
30468
4660
4175
4359
4364
3684
4037
4559
4519
4164
3971
4159
4306
3872
4427
4026
4255
4060
4678
3621
3941
4152
4253
15842
3869
4544
3786
3732
4031
3694
4420
4523
3748
3897
4475
3829
4069
4622
1795423
15823
3595
3643
4194
3951
15906
15791
3587
3617
4694
4425
4493
4092
3667
3912
3629
3914
22595
4352
4551
15815
22550
22547
4621
4473
4412
4517
4440
4535
4554
4229
15794
3673
4649
4107
4350
3970
4476
4444
4497
4323
3593
4124
3931
4361
3808
3990
3559
4079
4576
3515
4671
3624
4464
4172
4695
15550
3859
3806
3492
4017
4205
4259
3695
22393
3727
4217
4398
3625
3611
4023
3797
4095
3838
4513
4683
3887
4432
4186
3957
4191
3831
4408
4133
4002
3903
15805
3906
4099
4388
4481
3940
4213
3975
3986
4006
3818
4027
25131
4080
3923
4641
4518
4384
3948
3707
30460
3690
3583
4687
4492
4239
4643
22590
4284
4104
4423
4322
3726
4334
4611
4241
4097
4299
25167
3777
15822
4485
22396
3902
15802
3742
3563
3532
4033
4389
3615
15841
3932
4399
3548
3606
3883
4052
3758
3845
4207
4054
4515
3973
3691
3712
31102
1650372
3677
4527
3688
4310
4510
4696
4679
4044
4029
3687
4287
3928
3713
4438
3658
4456
15827
3623
4248
22890
1649667
4598
4176
15797
3837
3998
4391
3989
15535
3991
4091
4496
4122
3896
4632
4068
3936
15821
1795358
3793
15838
15804
4314
4089
4644
3888
4428
4028
3675
4553
15547
4072
3775
3830
3693
4625
4337
4373
3815
4214
22552
15660
3709
4588
4158
4561
3645
4383
4127
3531
15812
4267
4113
3967
3612
3588
15833
4171
3668
4185
3720
4074
15849
3702
3679
3650
4153
4180
3546
4154
4400
4215
4552
4274
4151
3744
4502
4298
3890
4252
3721
4188
1795844
3557
3913
3999
4000
3773
4181
22390
4281
4254
3648
22598
4087
4010
4392
25143
4346
3637
4130
4108
3731
4312
3757
3784
3752
4542
4330
4146
4634
3841
22384
3703
4132
3828
4264
3591
3770
4096
4222
3710
1795424
4454
4499
4498
4056
4505
3634
3827
4143
4326
15826
4292
4525
4640
4636
3598
3717
4197
4471
4453
4480
4057
4339
4431
4309
3993
4327
22386
15819
4491
3817
4020
3787
3662
22592
15848
4016
3560
15817
4070
3724
3929
15806
22536
3761
3904
4594
4662
4377
4036
3642
3106
4658
4137
3927
15836
4210
3908
4167
15542
4488
15795
4100
4228
4209
4416
1650373
3976
3919
4278
4415
3860
1795420
3607
3984
3847
1768052
4200
4051
3506
30446
4460
3542
3763
4570
4138
3979
4291
3649
3873
4446
22540
4198
3954
4226
3630
4280
4090
4011
4369
4620
4484
4691
15552
3737
15556
3771
4141
16011
3852
3711
4007
25161
3994
4250
4368
15846
4288
4046
1795425
3779
3812
4295
4093
3543
4063
4531
4055
22889
15509
25107
3628
3603
16013
3686
4532
4118
24167
4086
15554
3701
15824
4669
4345
4633
15843
4162
3937
4410
3947
3622
4308
4083
3959
4349
4371
15835
3905
4114
3849
15844
4461
3585
15793
4590
4296
3747
4697
4032
15801
3924
4249
4148
31155
4612
1647216
4067
4221
4541
15908
4437
4066
3768
1769205
4548
4174
3823
3746
1650370
4426
3874
4105
4173
4286
3820
3950
3627
3698
4263
4018
22394
4030
22551
3962
4468
3892
3958
4272
3781
3639
3736
15541
3672
4049
4182
3519
3750
4470
3992
15807
4233
4689
3910
22545
4203
4421
15540
4449
3605
30459
15543
4442
4247
4038
4206
4034
22888
4699
4575
3982
3577
4050
4082
4150
3960
4266
4550
3601
15537
4654
3751
4126
3824
3682
4360
3699
4479
4237
3715
25155
3678
4304
3949
3866
15800
22539
3700
4021
3858
4238
4041
3788
15789
1795422
15830
4109
4318
4258
4081
3871
4163
4224
4365
4161
3632
4078
4668
4450
4528
3734
3857
3864
3900
4661
3839
4279
4103
4261
3646
4362
3705
22596
4393
4592
4413
4451
4277
4507
3501
4199
3551
4509
4429
4129
3926
3562
4262
3589
3716
4297
3952
4134
4076
1795848
4433
22600
3813
4549
3853
3825
15907
3980
4533
22395
4015
3555
4524
4243
22546
4282
4670
4062
4014
4374
3665
3963
3756
4045
3972
4439
4457
15840
3891
4508
4196
4379
4347
4177
4110
22599
4216
15548
4246
22554
4112
15834
3854
3933
4102
22591
4240
4652
4178
3801
25125
3697
4325
4424
3579
15851
3834
15536
22543
4329
22594
3974
3907
4101
15781
4447
4458
4380
4106
1650745
15533
22538
4125
3503
4637
22391
4665
4520
3790
4121
15808
15798
3842
4685
3792
3870
3723
4693
4005
3995
1650371
15545
4156
3879
3600
15905
3745
4688
4276
4394
3657
4301
3953
1795421
25137
3656
4293
4591
3789
22553
3783
4568
3493
22924
4677
4142
22597
3749
22392
4193
3636
3988
4639
4539
4232
4653
3647
3807
3878
4558
4382
15792
4422
3791
3633
16017
3895
30451
4462
4235
4058
3660
22388
4227
4516
3655
3885
15845
3704
3981
3868
3944
3728
3755
22542
4646
3833
15553
4305
3846
3614
15539
4208
3495
4487
4407
3689
4336
3945
4047
3899
3719
3692
15850
4289
4265
4540
3969
3782
3638
4406
3850
3498
3741
4283
15818
22537
4477
4411
4024
4490
4149
3778
4115
3803
15854
3909
4441
3799
15816
4340
30461
3725
3983
4022
4436
4040
4035
4043
4566
4257
4486
3826
3497
4189
4358
4414
4140
30457
3766
31208
4614
31198
3659
3730
3875
3680
4025
3586
3774
4511
3597
3740
22549
4608
3739
4599
4094
4195
4260
3882
4503
4075
3626
4116
4269
4363
15796
4268
3977
4128
3863
3663
4244
4560
15853
3706
3978
3722
3964
3666
3889
4419
15837
3881
3865
3893
4577
15538
4119
3955
22387
31205
3759
3810
3618
3685
3844
3800
4117
4059
4395
4547
4088
3916
15839
4648
16018
4155
4303
4536
4169
4300
3709
4162
22389
3954
15815
4071
3880
15829
4175
4247
3855
4491
15535
4546
4310
4643
4276
1795421
4330
4678
3707
3640
15823
25155
3591
4625
3949
4185
4291
28717
31100
3803
3803
3803
3803
3803
3803
3803
3803
3803
3803
3803
3803
3803
3910
3859
3664
3906
3879
3833
263
3655
3667
3558
3909
3677
3653
250
3932
3941
3933
3644
3832
3645
3646
3642
3894
3666
3562
3897
3669
3902
3663
3659
3895
3856
3648
3652
3650
3647
3889
3915
4679
3860
3863
3853
3869
3907
3848
3673
3654
3870
3836
3847
3661
3825
3882
3888
3893
3936
3862
3643
3913
154
3930
3922
3905
3875
3883
3651
3672
3887
3886
3837
3867
4598
3877
151
3908
362
3917
3861
3834
3823
3841
3844
3918
3903
3866
52
3668
3835
3873
3803
3911
3560
53
3872
350
3876
3852
3939
3829
3657
3563
3656
3912
3928
3824
3926
4411
3826
3901
3923
3904
3676
3801
3845
3674
3885
3896
3827
3890
3881
3937
3839
3675
3843
3929
3899
3660
3665
3935
251
3831
3854
3878
3927
3855
3919
3846
3940
3822
3874
3840
3934
55
3925
3842
3914
3921
3891
3920
3898
3851
3658
65
3828
3849
3830
3880
3864
3871
253
152
3850
3858
3649
3931
3892
3865
4599
352
349
3938
3868
3924
3857
3900
3838
3884
164
3671
3662
3916
3670
3910
3897
3936
3841
3933
3885
3825
3939
3940
3858
3673
3879
3904
362
3847
3662
3845
3862
3921
3661
3937
3837
3863
3677
4598
3922
3926
3653
3893
3642
3919
3663
3930
3917
3865
3824
3915
3895
3854
3927
3909
3840
3913
3842
3657
3659
3899
3856
3941
3908
3868
4411
55
3846
3900
3888
3645
3857
3838
3878
154
3890
3560
3855
3562
3843
3914
3646
3650
3883
3831
3849
3905
3869
3884
349
3920
3850
3830
3931
3874
3880
3877
3911
3851
250
3872
3835
3906
3832
3918
3898
3652
3935
3675
3938
3667
263
3882
3656
3866
3654
3894
3871
3923
52
3928
3889
3896
3881
3916
3660
3670
3664
3860
3834
3666
3658
3803
4679
3886
3672
3643
3892
3852
3929
3827
3932
3848
3887
3558
3875
3907
3833
350
3912
253
3823
3867
3822
3651
3853
3668
3674
251
3876
3864
3859
3665
65
3901
3655
4599
3649
152
3902
3839
3669
3844
3828
151
3891
3671
3903
3801
3861
53
3829
164
3924
3644
3826
3648
3934
352
3563
3925
3873
3870
3647
3836
3676
3822
3912
3877
3914
65
3665
3937
3895
3650
3930
4599
3860
3928
3916
3667
3646
3923
3803
3844
3922
3894
3892
3823
3861
3919
3853
3840
3907
3881
3667
3859
3560
3672
3825
65
3909
4598
3860
3833
3862
3932
3652
3918
263
349
3837
3880
3870
3858
3936
3873
3838
3875
3891
3671
350
3675
3905
53
3898
3677
3853
3662
3670
3876
3919
3937
3933
3902
3922
3917
3888
3920
3931
3895
3928
3916
3659
3866
3830
3654
3874
3908
3886
3863
3890
3914
3822
3663
3887
154
3826
3934
3926
3877
3911
3848
4599
3844
3843
3651
3668
3849
3871
3855
3645
362
3664
3906
3665
3854
3867
3903
3883
52
3829
3896
3647
3864
4679
3669
3643
3851
3941
3661
3827
3930
3899
3558
3924
3879
3673
3847
3649
3831
3869
251
152
3835
3921
3839
3904
3832
250
3656
3912
151
4411
3857
3935
3927
3655
352
3841
3868
3929
164
3657
3658
3845
3885
3666
3897
3884
3828
3644
3642
3650
3878
3925
3674
3563
3646
3872
3900
3865
3846
3938
3901
3562
3840
3923
3882
3913
3834
3915
3893
3803
3801
253
3676
3889
3910
3861
3648
3842
3892
3894
3653
3940
3856
3907
55
3939
3660
3823
3836
3852
3824
3850
3642
3835
3895
3658
4679
3822
3662
3873
3894
3653
3939
3672
3937
3920
3674
3668
3850
3650
3907
3673
3876
362
3842
3660
3923
152
3896
3891
3858
3886
3901
3665
4599
3833
3844
3885
3647
350
3911
4598
3915
3927
55
151
3656
3677
3838
251
253
3884
3889
3645
3869
3866
3916
3933
3892
3836
3932
3839
3862
3825
3902
3883
3828
3931
3648
3831
250
3861
3910
3899
3826
3872
3935
3868
3676
3675
3870
3859
3655
3930
3919
3881
3925
3918
3829
3924
53
3908
3841
3827
3670
3652
3643
3909
3864
3906
3877
3865
4411
3874
3922
154
3840
3845
3651
3934
3834
3857
3851
3893
3846
3929
3803
3654
3936
263
3558
65
3904
3667
3880
3666
3847
3867
52
3562
3875
3661
3837
3913
3900
3860
3926
3928
3940
352
3664
3823
3878
3832
3659
3560
3887
3853
3824
3917
3563
3863
3871
3843
3657
3671
3890
164
3856
3905
3830
3938
3849
3912
3848
3914
3852
3855
3854
3644
3801
3669
3897
3898
3879
3649
3941
3882
3888
3903
3646
3663
349
3921
3888
3847
3894
3850
3838
3660
3938
3839
3562
3915
3866
3858
3653
3925
3852
3902
3912
3887
3873
152
3673
3869
3898
3913
3846
4411
350
3927
251
3921
3645
3891
3823
3661
3854
3831
3644
3872
65
3671
3908
3907
263
3918
3651
3899
3558
3837
53
3896
3880
3939
3874
3828
3903
3840
3911
4599
3886
3662
3935
3563
3916
3890
3867
3933
3876
3937
3920
3647
3836
3892
3928
3864
3668
3877
3871
253
3676
3666
3652
349
3824
3674
3659
3909
250
3853
3830
3940
3643
3829
3560
55
3801
3833
3900
3803
3910
352
3658
3642
3648
3677
3929
3897
3861
3859
3832
3844
3655
3667
3862
3825
3672
3848
3905
3906
4679
3930
3875
3865
3922
3934
3827
3868
3845
164
3881
3883
3826
3669
3932
3650
3851
3857
3870
3895
3849
3885
3856
3914
3926
3863
3879
3842
52
151
3889
3822
3656
3649
3646
3931
3884
3917
3841
3904
3919
3657
3855
3665
3901
3941
3663
3882
3843
3923
3860
3878
3924
3654
3936
4598
3835
362
3664
3834
3675
3670
154
3893
3654
3839
152
3673
3836
151
3934
3926
3863
3675
251
3921
3932
352
3852
4599
3892
3866
3933
3825
3838
3915
3671
3941
3913
3916
3873
3891
3886
3658
350
3846
3912
3835
3928
3844
3920
3659
3649
4411
263
349
3657
3668
3877
3848
3931
3903
3677
3849
4679
3875
3853
3850
3888
3854
3940
3908
4598
3862
3890
3936
3859
3883
3558
3560
3865
3829
52
3896
3803
3655
3651
3924
3894
3828
3861
3832
3847
3669
3879
3830
3665
3867
3842
253
3827
3646
3644
3922
55
3935
65
3647
3919
3869
3642
3923
3653
3663
250
3901
3660
3929
3845
3876
362
154
3837
3823
3661
3882
3833
3563
3650
3858
3899
3843
3860
3895
3801
3937
3664
3917
3667
3840
3826
3884
3662
3918
3878
3562
3670
3672
3652
3857
3856
3904
3914
3648
3822
3902
3656
3898
3645
3851
3887
3885
3841
3872
3881
3906
3864
3893
3889
164
3930
3939
3674
3907
3911
3897
3666
3900
3643
3880
3676
3824
3927
3905
3874
3925
3834
3870
3909
3868
3938
53
3871
3910
3831
3855
3665
4599
4598
3826
3837
3899
3883
3651
3668
3648
3859
3908
3658
3843
3888
3856
3901
3851
3910
3909
3877
3871
3891
154
3841
3924
3940
3660
3850
3898
3927
3912
3663
3677
151
3895
3839
3654
3875
3922
3904
3838
3918
250
3864
3930
3941
3905
3669
3647
3939
253
3852
350
3921
3907
3676
349
263
3906
3803
3911
3923
3801
3897
3879
3845
3862
3853
3931
3863
3915
3836
3825
3829
52
3861
3823
3674
3872
3902
3673
3831
3656
3833
3849
164
3914
3848
3847
3900
3828
3558
3920
3932
3666
3860
3858
3882
3824
3869
3661
3933
65
3645
3917
3664
3937
3671
3928
3857
3870
3867
3649
55
3675
3832
352
3938
4679
3919
3644
3885
3842
3657
3844
3822
362
3670
3874
3866
3560
3876
3659
3827
3929
3887
3873
3926
3893
53
3890
3650
3840
3667
251
3846
3653
3934
3894
3936
3655
3830
3562
3892
3855
152
3835
3865
3563
3646
3881
3886
3916
3896
3672
3854
3652
3878
3643
3889
3642
3884
3868
3925
3935
3903
4411
3880
3662
3834
3913
3880
3916
3918
3648
250
3837
3924
3905
3895
3830
3904
3896
3929
3869
266
168
249
68
363
264
347
153
351
51
50
365
66
167
67
348
252
265
54
267
366
248
150
149
165
166
364
69
1796061
1795999
1796102
1795952
1796107
1796077
1796064
1796085
1795932
1796158
1795990
1796142
1795966
1796126
1796149
1796072
1796063
1796159
1796096
1796093
1795998
1796082
1795970
1795923
1796100
1796145
1796143
1796131
1795939
1796005
1796067
1796015
1796155
1795957
1795983
1796065
1796119
1796157
1795938
1795984
1796058
1796123
1795967
1796138
1795937
1796121
1796160
1796113
1795950
1795997
1796044
1795933
1796104
1796087
1796144
1796103
1795964
1796153
1796108
1796127
1796135
1795947
1795948
1796133
1796076
1795981
1796130
1795935
1795919
1796070
1795963
1796129
1796059
1795989
1796079
1796088
1796115
1796032
1795959
1796116
1796094
1796152
1796097
1796092
1796128
1796009
1796132
1796118
1796156
1796099
1796124
1796031
1795992
1796034
1796080
1796075
1795988
1796006
1796101
1796098
1796147
1795958
1796120
1796136
1796086
1795943
1795991
1796146
1795982
1796033
1796083
1795945
1795995
1796046
1796018
1795942
1796140
1795972
1795962
1795965
1795976
1795977
1796004
1796014
1796122
1796073
1796022
1795986
1796026
1796162
1796037
1795993
1796023
1796078
1795975
1795946
1796090
1796045
1796105
1796139
1796112
1796062
1795944
1795968
1796010
1796084
1795920
1796024
1796150
1795931
1795960
1795925
1796069
1795971
1796141
1796095
1796111
1795961
1795978
1796148
1795949
1796137
1796114
1796066
1796029
1795954
1796074
1796068
1795980
1795979
1796161
1795955
1795996
1796106
1796125
1796154
1795951
1796012
1795985
1795994
1795974
1796117
1796109
1796110
1796013
1795956
1796000
1795987
1796071
1796134
1795953
